timestamp: 1729913223.7711606 
latitude: 31.3105287 
longitude: 120.6359062 
AMSL altitude: 40.21545593295355 
REL altitude: 26.988 
