timestamp: 1729913035.487674 
latitude: 31.3105096 
longitude: 120.635776 
AMSL altitude: 38.873961157758174 
REL altitude: 25.823 
