timestamp: 1729915376.065462 
latitude: 31.3105153 
longitude: 120.6358181 
AMSL altitude: 39.68012138312285 
REL altitude: 26.499 
