timestamp: 1729915503.5761242 
latitude: 31.3105415 
longitude: 120.6359936 
AMSL altitude: 39.542788077208094 
REL altitude: 26.478 
